# Forces      
# CofR        : (0.000000e+00 0.000000e+00 0.000000e+00)
# Time        forces(pressure viscous)	moments(pressure viscous)
0             	((0.000000e+00 0.000000e+00 0.000000e+00) (0.000000e+00 0.000000e+00 0.000000e+00)) ((0.000000e+00 0.000000e+00 0.000000e+00) (0.000000e+00 0.000000e+00 0.000000e+00))
0.05          	((3.739498e+01 -2.500518e-01 0.000000e+00) (5.371592e+00 7.689385e-02 7.991019e-19)) ((1.250259e-01 1.869749e+01 -1.872776e+02) (-3.844692e-02 2.685796e+00 -2.653580e+01))
0.1           	((3.302953e+01 -4.357351e-02 0.000000e+00) (3.432956e+00 8.199223e-02 9.661905e-19)) ((2.178675e-02 1.651476e+01 -1.657623e+02) (-4.099611e-02 1.716478e+00 -1.674181e+01))
0.15          	((3.201481e+01 1.595231e-01 0.000000e+00) (2.412184e+00 5.994202e-03 1.049042e-18)) ((-7.976155e-02 1.600741e+01 -1.597395e+02) (-2.997101e-03 1.206092e+00 -1.193683e+01))
0.2           	((3.198095e+01 3.860378e-01 0.000000e+00) (1.747969e+00 -2.849450e-02 1.064952e-18)) ((-1.930189e-01 1.599048e+01 -1.587475e+02) (1.424725e-02 8.739846e-01 -8.787055e+00))
0.25          	((3.213358e+01 5.141013e-01 0.000000e+00) (1.236585e+00 -4.369726e-02 1.145529e-18)) ((-2.570507e-01 1.606679e+01 -1.592080e+02) (2.184863e-02 6.182924e-01 -6.292979e+00))
0.3           	((3.224602e+01 3.927710e-01 0.000000e+00) (8.192844e-01 -6.560545e-02 1.226560e-18)) ((-1.963855e-01 1.612301e+01 -1.602518e+02) (3.280272e-02 4.096422e-01 -4.262154e+00))
0.35          	((3.230072e+01 2.860606e-01 0.000000e+00) (4.661808e-01 -6.968777e-02 1.313823e-18)) ((-1.430303e-01 1.615036e+01 -1.608986e+02) (3.484388e-02 2.330904e-01 -2.506606e+00))
0.4           	((3.230660e+01 1.345799e-01 0.000000e+00) (1.589769e-01 -6.360101e-02 1.407578e-18)) ((-6.728995e-02 1.615330e+01 -1.613875e+02) (3.180051e-02 7.948843e-02 -9.613322e-01))
0.45          	((3.228024e+01 1.224578e-01 0.000000e+00) (-1.118931e-01 -5.645457e-02 1.493152e-18)) ((-6.122888e-02 1.614012e+01 -1.613080e+02) (2.822729e-02 -5.594657e-02 4.047869e-01))
0.5           	((3.223363e+01 8.993711e-02 0.000000e+00) (-3.526801e-01 -5.227506e-02 1.549997e-18)) ((-4.496856e-02 1.611681e+01 -1.611247e+02) (2.613753e-02 -1.763400e-01 1.612973e+00))
0.55          	((3.197578e+01 5.784601e-02 0.000000e+00) (-5.691409e-01 -5.083683e-02 1.582277e-18)) ((-2.892300e-02 1.598789e+01 -1.599010e+02) (2.541842e-02 -2.845704e-01 2.692212e+00))
0.6           	((3.153650e+01 7.870267e-02 0.000000e+00) (-7.652934e-01 -4.858159e-02 1.601332e-18)) ((-3.935134e-02 1.576825e+01 -1.576246e+02) (2.429080e-02 -3.826467e-01 3.677447e+00))
0.65          	((3.084053e+01 3.363721e-02 0.000000e+00) (-9.397548e-01 -4.465122e-02 1.618022e-18)) ((-1.681860e-02 1.542026e+01 -1.542502e+02) (2.232561e-02 -4.698774e-01 4.562298e+00))
0.7           	((3.002206e+01 6.555726e-02 0.000000e+00) (-1.091541e+00 -3.865248e-02 1.624624e-18)) ((-3.277863e-02 1.501103e+01 -1.500691e+02) (1.932624e-02 -5.457707e-01 5.339492e+00))
0.75          	((2.909705e+01 1.085442e-01 0.000000e+00) (-1.223078e+00 -3.269485e-02 1.624480e-18)) ((-5.427208e-02 1.454852e+01 -1.453108e+02) (1.634743e-02 -6.115390e-01 6.014620e+00))
0.8           	((2.812829e+01 2.041044e-01 0.000000e+00) (-1.340657e+00 -2.989275e-02 1.615154e-18)) ((-1.020522e-01 1.406414e+01 -1.401783e+02) (1.494638e-02 -6.703287e-01 6.611328e+00))
0.85          	((2.713745e+01 2.059442e-01 0.000000e+00) (-1.449178e+00 -3.189645e-02 1.608313e-18)) ((-1.029721e-01 1.356873e+01 -1.352256e+02) (1.594822e-02 -7.245892e-01 7.148915e+00))
0.9           	((2.623407e+01 2.237000e-01 0.000000e+00) (-1.548742e+00 -3.290446e-02 1.612250e-18)) ((-1.118500e-01 1.311704e+01 -1.306249e+02) (1.645223e-02 -7.743710e-01 7.646226e+00))
0.95          	((2.536732e+01 2.571746e-01 0.000000e+00) (-1.638354e+00 -3.121893e-02 1.632880e-18)) ((-1.285873e-01 1.268366e+01 -1.261683e+02) (1.560946e-02 -8.191770e-01 8.103831e+00))
1             	((2.466572e+01 2.520823e-01 0.000000e+00) (-1.714749e+00 -2.890595e-02 1.666473e-18)) ((-1.260412e-01 1.233286e+01 -1.226764e+02) (1.445297e-02 -8.573747e-01 8.497785e+00))
1.05          	((2.416403e+01 2.869461e-01 0.000000e+00) (-1.774841e+00 -2.584808e-02 1.705231e-18)) ((-1.434731e-01 1.208202e+01 -1.200472e+02) (1.292404e-02 -8.874205e-01 8.811601e+00))
1.1           	((2.391880e+01 3.035771e-01 0.000000e+00) (-1.818746e+00 -2.212586e-02 1.746227e-18)) ((-1.517885e-01 1.195940e+01 -1.187562e+02) (1.106293e-02 -9.093730e-01 9.044592e+00))
1.15          	((2.397810e+01 3.940948e-01 0.000000e+00) (-1.848206e+00 -1.747075e-02 1.781339e-18)) ((-1.970474e-01 1.198905e+01 -1.187080e+02) (8.735376e-03 -9.241029e-01 9.206000e+00))
1.2           	((2.430901e+01 3.710418e-01 0.000000e+00) (-1.865152e+00 -1.478732e-02 1.807374e-18)) ((-1.855209e-01 1.215451e+01 -1.204539e+02) (7.393658e-03 -9.325759e-01 9.296144e+00))
1.25          	((2.484413e+01 4.505482e-01 0.000000e+00) (-1.869935e+00 -1.404926e-02 1.825429e-18)) ((-2.252741e-01 1.242206e+01 -1.228420e+02) (7.024629e-03 -9.349673e-01 9.316709e+00))
1.3           	((2.560506e+01 4.417495e-01 0.000000e+00) (-1.862642e+00 -1.499014e-02 1.832870e-18)) ((-2.208748e-01 1.280253e+01 -1.266597e+02) (7.495071e-03 -9.313212e-01 9.272039e+00))
1.35          	((2.655738e+01 5.066261e-01 0.000000e+00) (-1.838512e+00 -1.629069e-02 1.831947e-18)) ((-2.533130e-01 1.327869e+01 -1.311802e+02) (8.145346e-03 -9.192559e-01 9.145512e+00))
1.4           	((2.767142e+01 6.246954e-01 0.000000e+00) (-1.792003e+00 -1.810624e-02 1.819233e-18)) ((-3.123477e-01 1.383571e+01 -1.363120e+02) (9.053119e-03 -8.960013e-01 8.909677e+00))
1.45          	((2.892518e+01 7.359678e-01 0.000000e+00) (-1.721028e+00 -2.156382e-02 1.796758e-18)) ((-3.679839e-01 1.446259e+01 -1.421674e+02) (1.078191e-02 -8.605141e-01 8.548578e+00))
1.5           	((3.035816e+01 8.732857e-01 0.000000e+00) (-1.627424e+00 -2.508743e-02 1.765092e-18)) ((-4.366428e-01 1.517908e+01 -1.488227e+02) (1.254372e-02 -8.137120e-01 8.074528e+00))
1.55          	((3.199770e+01 9.881045e-01 0.000000e+00) (-1.513800e+00 -2.716268e-02 1.728933e-18)) ((-4.940523e-01 1.599885e+01 -1.566041e+02) (1.358134e-02 -7.568998e-01 7.504090e+00))
1.6           	((3.380642e+01 1.109400e+00 0.000000e+00) (-1.379012e+00 -2.798433e-02 1.691752e-18)) ((-5.546999e-01 1.690321e+01 -1.652078e+02) (1.399217e-02 -6.895060e-01 6.833684e+00))
1.65          	((3.569721e+01 1.241748e+00 0.000000e+00) (-1.221505e+00 -2.620633e-02 1.652281e-18)) ((-6.208739e-01 1.784861e+01 -1.741999e+02) (1.310317e-02 -6.107526e-01 6.061321e+00))
1.7           	((3.761803e+01 1.369973e+00 0.000000e+00) (-1.043410e+00 -2.129670e-02 1.609074e-18)) ((-6.849866e-01 1.880901e+01 -1.833675e+02) (1.064835e-02 -5.217049e-01 5.198654e+00))
1.75          	((3.952227e+01 1.423646e+00 0.000000e+00) (-8.518532e-01 -1.188837e-02 1.563693e-18)) ((-7.118232e-01 1.976113e+01 -1.927316e+02) (5.944187e-03 -4.259266e-01 4.284433e+00))
1.8           	((4.138595e+01 1.504561e+00 0.000000e+00) (-6.564179e-01 3.423284e-04 1.520400e-18)) ((-7.522804e-01 2.069298e+01 -2.018209e+02) (-1.711642e-04 -3.282090e-01 3.358936e+00))
1.85          	((4.311155e+01 1.510826e+00 0.000000e+00) (-4.680980e-01 1.298713e-02 1.482098e-18)) ((-7.554130e-01 2.155577e+01 -2.104845e+02) (-6.493567e-03 -2.340490e-01 2.466235e+00))
1.9           	((4.456720e+01 1.537945e+00 0.000000e+00) (-2.982194e-01 2.328533e-02 1.450068e-18)) ((-7.689725e-01 2.228360e+01 -2.177345e+02) (-1.164266e-02 -1.491097e-01 1.649217e+00))
1.95          	((4.578501e+01 1.600284e+00 0.000000e+00) (-1.556696e-01 2.590452e-02 1.420031e-18)) ((-8.001418e-01 2.289251e+01 -2.236981e+02) (-1.295226e-02 -7.783478e-02 9.296902e-01))
2             	((4.666329e+01 1.615598e+00 0.000000e+00) (-4.599046e-02 2.842649e-02 1.396626e-18)) ((-8.077988e-01 2.333165e+01 -2.281532e+02) (-1.421324e-02 -2.299523e-02 3.676704e-01))
2.05          	((4.712980e+01 1.647163e+00 0.000000e+00) (3.013168e-02 2.572377e-02 1.381773e-18)) ((-8.235814e-01 2.356490e+01 -2.304967e+02) (-1.286189e-02 1.506584e-02 -4.762920e-02))
2.1           	((4.724650e+01 1.617193e+00 0.000000e+00) (7.459318e-02 2.082148e-02 1.371233e-18)) ((-8.085964e-01 2.362325e+01 -2.312889e+02) (-1.041074e-02 3.729659e-02 -3.110120e-01))
2.15          	((4.705238e+01 1.613477e+00 0.000000e+00) (8.900235e-02 1.599233e-02 1.365239e-18)) ((-8.067383e-01 2.352619e+01 -2.304127e+02) (-7.996166e-03 4.450117e-02 -4.174050e-01))
2.2           	((4.661694e+01 1.600286e+00 0.000000e+00) (7.776611e-02 1.482119e-02 1.359214e-18)) ((-8.001432e-01 2.330847e+01 -2.283375e+02) (-7.410596e-03 3.888306e-02 -3.757436e-01))
2.25          	((4.605548e+01 1.627671e+00 0.000000e+00) (4.779661e-02 1.649112e-02 1.350391e-18)) ((-8.138357e-01 2.302774e+01 -2.254602e+02) (-8.245561e-03 2.389831e-02 -2.250128e-01))
2.3           	((4.539968e+01 1.560562e+00 0.000000e+00) (5.605513e-03 2.056070e-02 1.341014e-18)) ((-7.802811e-01 2.269984e+01 -2.224146e+02) (-1.028035e-02 2.802756e-03 -1.534386e-03))
2.35          	((4.471595e+01 1.534692e+00 0.000000e+00) (-4.135803e-02 2.455309e-02 1.333632e-18)) ((-7.673461e-01 2.235797e+01 -2.190972e+02) (-1.227655e-02 -2.067902e-02 2.475044e-01))
2.4           	((4.390845e+01 1.522116e+00 0.000000e+00) (-8.816325e-02 2.896503e-02 1.330008e-18)) ((-7.610579e-01 2.195423e+01 -2.151286e+02) (-1.448251e-02 -4.408162e-02 4.982085e-01))
2.45          	((4.307708e+01 1.514440e+00 0.000000e+00) (-1.325465e-01 3.417609e-02 1.329837e-18)) ((-7.572200e-01 2.153854e+01 -2.110206e+02) (-1.708804e-02 -6.627325e-02 7.400823e-01))
2.5           	((4.226649e+01 1.517886e+00 0.000000e+00) (-1.725258e-01 4.088998e-02 1.331490e-18)) ((-7.589428e-01 2.113325e+01 -2.069830e+02) (-2.044499e-02 -8.626289e-02 9.651617e-01))
2.55          	((4.157324e+01 1.547377e+00 0.000000e+00) (-2.066790e-01 4.844340e-02 1.332987e-18)) ((-7.736886e-01 2.078662e+01 -2.034539e+02) (-2.422170e-02 -1.033395e-01 1.163400e+00))
2.6           	((4.105831e+01 1.559626e+00 0.000000e+00) (-2.338281e-01 5.433141e-02 1.334487e-18)) ((-7.798131e-01 2.052915e+01 -2.008914e+02) (-2.716571e-02 -1.169140e-01 1.320217e+00))
2.65          	((4.074767e+01 1.579676e+00 0.000000e+00) (-2.532838e-01 5.977014e-02 1.333400e-18)) ((-7.898382e-01 2.037384e+01 -1.993378e+02) (-2.988507e-02 -1.266419e-01 1.436102e+00))
2.7           	((4.061001e+01 1.605577e+00 0.000000e+00) (-2.650452e-01 6.444398e-02 1.329864e-18)) ((-8.027886e-01 2.030501e+01 -1.986419e+02) (-3.222199e-02 -1.325226e-01 1.510276e+00))
2.75          	((4.058319e+01 1.622254e+00 0.000000e+00) (-2.703697e-01 6.837197e-02 1.325027e-18)) ((-8.111272e-01 2.029160e+01 -1.985307e+02) (-3.418599e-02 -1.351849e-01 1.549450e+00))
2.8           	((4.060016e+01 1.658465e+00 0.000000e+00) (-2.710568e-01 7.193240e-02 1.319432e-18)) ((-8.292327e-01 2.030008e+01 -1.985728e+02) (-3.596620e-02 -1.355284e-01 1.564582e+00))
2.85          	((4.061120e+01 1.708089e+00 0.000000e+00) (-2.693883e-01 7.561830e-02 1.313849e-18)) ((-8.540443e-01 2.030560e+01 -1.985324e+02) (-3.780915e-02 -1.346941e-01 1.569446e+00))
2.9           	((4.058615e+01 1.771034e+00 0.000000e+00) (-2.674782e-01 8.007764e-02 1.308542e-18)) ((-8.855171e-01 2.029308e+01 -1.982597e+02) (-4.003882e-02 -1.337391e-01 1.577292e+00))
2.95          	((4.049494e+01 1.845702e+00 0.000000e+00) (-2.670393e-01 8.511983e-02 1.304141e-18)) ((-9.228512e-01 2.024747e+01 -1.976115e+02) (-4.255991e-02 -1.335197e-01 1.595947e+00))
3             	((4.037194e+01 1.931871e+00 0.000000e+00) (-2.689455e-01 9.048853e-02 1.299594e-18)) ((-9.659355e-01 2.018597e+01 -1.967596e+02) (-4.524427e-02 -1.344728e-01 1.628598e+00))
3.05          	((4.023157e+01 2.016265e+00 0.000000e+00) (-2.733336e-01 9.604922e-02 1.294951e-18)) ((-1.008133e+00 2.011579e+01 -1.958214e+02) (-4.802461e-02 -1.366668e-01 1.674684e+00))
3.1           	((4.009150e+01 2.106554e+00 0.000000e+00) (-2.795776e-01 1.020872e-01 1.290359e-18)) ((-1.053277e+00 2.004575e+01 -1.948608e+02) (-5.104362e-02 -1.397888e-01 1.731410e+00))
3.15          	((3.997612e+01 2.179408e+00 0.000000e+00) (-2.867788e-01 1.083739e-01 1.285684e-18)) ((-1.089704e+00 1.998806e+01 -1.940785e+02) (-5.418693e-02 -1.433894e-01 1.792908e+00))
3.2           	((3.989577e+01 2.253618e+00 0.000000e+00) (-2.937666e-01 1.148506e-01 1.280809e-18)) ((-1.126809e+00 1.994788e+01 -1.934681e+02) (-5.742532e-02 -1.468833e-01 1.852824e+00))
3.25          	((3.982431e+01 2.309085e+00 0.000000e+00) (-2.994354e-01 1.215941e-01 1.276206e-18)) ((-1.154543e+00 1.991215e+01 -1.929644e+02) (-6.079705e-02 -1.497177e-01 1.905772e+00))
3.3           	((3.976425e+01 2.349000e+00 0.000000e+00) (-3.026525e-01 1.283561e-01 1.271905e-18)) ((-1.174500e+00 1.988213e+01 -1.925669e+02) (-6.417807e-02 -1.513263e-01 1.945455e+00))
3.35          	((3.970957e+01 2.364088e+00 0.000000e+00) (-3.038705e-01 1.348117e-01 1.267780e-18)) ((-1.182044e+00 1.985479e+01 -1.922721e+02) (-6.740587e-02 -1.519353e-01 1.973388e+00))
3.4           	((3.965842e+01 2.349506e+00 0.000000e+00) (-3.035003e-01 1.404728e-01 1.263863e-18)) ((-1.174753e+00 1.982921e+01 -1.920811e+02) (-7.023642e-02 -1.517501e-01 1.990480e+00))
3.45          	((3.960366e+01 2.308693e+00 0.000000e+00) (-3.021070e-01 1.449088e-01 1.260286e-18)) ((-1.154346e+00 1.980183e+01 -1.919438e+02) (-7.245442e-02 -1.510535e-01 1.998563e+00))
3.5           	((3.955538e+01 2.240222e+00 0.000000e+00) (-3.002957e-01 1.478086e-01 1.256729e-18)) ((-1.120111e+00 1.977769e+01 -1.919096e+02) (-7.390429e-02 -1.501478e-01 1.999943e+00))
3.55          	((3.951030e+01 2.147282e+00 0.000000e+00) (-2.986261e-01 1.489889e-01 1.253270e-18)) ((-1.073641e+00 1.975515e+01 -1.919490e+02) (-7.449445e-02 -1.493130e-01 1.996971e+00))
3.6           	((3.947620e+01 2.032118e+00 0.000000e+00) (-2.974282e-01 1.485254e-01 1.249736e-18)) ((-1.016059e+00 1.973810e+01 -1.920929e+02) (-7.426271e-02 -1.487141e-01 1.991402e+00))
3.65          	((3.944867e+01 1.913752e+00 0.000000e+00) (-2.968335e-01 1.465506e-01 1.246185e-18)) ((-9.568762e-01 1.972434e+01 -1.922627e+02) (-7.327532e-02 -1.484168e-01 1.984012e+00))
3.7           	((3.944015e+01 1.786245e+00 0.000000e+00) (-2.966754e-01 1.433984e-01 1.242391e-18)) ((-8.931224e-01 1.972007e+01 -1.925446e+02) (-7.169922e-02 -1.483377e-01 1.974619e+00))
3.75          	((3.943586e+01 1.655492e+00 0.000000e+00) (-2.966902e-01 1.395083e-01 1.238534e-18)) ((-8.277462e-01 1.971793e+01 -1.928520e+02) (-6.975413e-02 -1.483451e-01 1.962898e+00))
3.8           	((3.943399e+01 1.527147e+00 0.000000e+00) (-2.965397e-01 1.346612e-01 1.235310e-18)) ((-7.635737e-01 1.971699e+01 -1.931645e+02) (-6.733058e-02 -1.482698e-01 1.945847e+00))
3.85          	((3.942485e+01 1.392306e+00 0.000000e+00) (-2.959699e-01 1.294957e-01 1.232324e-18)) ((-6.961529e-01 1.971243e+01 -1.934677e+02) (-6.474786e-02 -1.479849e-01 1.924256e+00))
3.9           	((3.940117e+01 1.252917e+00 0.000000e+00) (-2.948058e-01 1.244006e-01 1.229687e-18)) ((-6.264583e-01 1.970058e+01 -1.937226e+02) (-6.220030e-02 -1.474029e-01 1.898704e+00))
3.95          	((3.936204e+01 1.090169e+00 0.000000e+00) (-2.930289e-01 1.194618e-01 1.227546e-18)) ((-5.450846e-01 1.968102e+01 -1.939863e+02) (-5.973089e-02 -1.465144e-01 1.869731e+00))
4             	((3.929369e+01 9.080941e-01 0.000000e+00) (-2.907635e-01 1.146120e-01 1.226070e-18)) ((-4.540471e-01 1.964685e+01 -1.941782e+02) (-5.730599e-02 -1.453817e-01 1.838216e+00))
4.05          	((3.920297e+01 6.914257e-01 0.000000e+00) (-2.881584e-01 1.097695e-01 1.225060e-18)) ((-3.457128e-01 1.960149e+01 -1.943770e+02) (-5.488477e-02 -1.440792e-01 1.805190e+00))
4.1           	((3.908913e+01 4.384481e-01 0.000000e+00) (-2.855382e-01 1.047114e-01 1.224472e-18)) ((-2.192241e-01 1.954457e+01 -1.945811e+02) (-5.235568e-02 -1.427691e-01 1.772061e+00))
4.15          	((3.895272e+01 1.539555e-01 0.000000e+00) (-2.833272e-01 9.994207e-02 1.225156e-18)) ((-7.697777e-02 1.947636e+01 -1.947690e+02) (-4.997103e-02 -1.416636e-01 1.743209e+00))
4.2           	((3.881107e+01 -1.657872e-01 0.000000e+00) (-2.817959e-01 9.486789e-02 1.226035e-18)) ((8.289359e-02 1.940554e+01 -1.950306e+02) (-4.743394e-02 -1.408980e-01 1.718178e+00))
4.25          	((3.867129e+01 -5.178597e-01 0.000000e+00) (-2.809960e-01 8.913948e-02 1.227175e-18)) ((2.589298e-01 1.933564e+01 -1.953843e+02) (-4.456974e-02 -1.404980e-01 1.696025e+00))
4.3           	((3.854014e+01 -9.033673e-01 0.000000e+00) (-2.808393e-01 8.239127e-02 1.228172e-18)) ((4.516836e-01 1.927007e+01 -1.958615e+02) (-4.119564e-02 -1.404196e-01 1.674815e+00))
4.35          	((3.843449e+01 -1.326615e+00 0.000000e+00) (-2.810555e-01 7.407491e-02 1.228891e-18)) ((6.633076e-01 1.921724e+01 -1.965554e+02) (-3.703746e-02 -1.405278e-01 1.651000e+00))
4.4           	((3.834407e+01 -1.779479e+00 0.000000e+00) (-2.814068e-01 6.369317e-02 1.229340e-18)) ((8.897394e-01 1.917204e+01 -1.973868e+02) (-3.184659e-02 -1.407034e-01 1.621154e+00))
4.45          	((3.828165e+01 -2.271666e+00 0.000000e+00) (-2.816942e-01 5.084021e-02 1.229367e-18)) ((1.135833e+00 1.914082e+01 -1.984493e+02) (-2.542010e-02 -1.408471e-01 1.582261e+00))
4.5           	((3.824356e+01 -2.802452e+00 0.000000e+00) (-2.818908e-01 3.511691e-02 1.229003e-18)) ((1.401226e+00 1.912178e+01 -1.997230e+02) (-1.755845e-02 -1.409454e-01 1.532228e+00))
4.55          	((3.821364e+01 -3.376511e+00 0.000000e+00) (-2.812330e-01 1.622633e-02 1.228431e-18)) ((1.688255e+00 1.910682e+01 -2.011430e+02) (-8.113167e-03 -1.406165e-01 1.465724e+00))
4.6           	((3.820076e+01 -3.993822e+00 0.000000e+00) (-2.797551e-01 -6.008257e-03 1.227763e-18)) ((1.996911e+00 1.910038e+01 -2.027561e+02) (3.004129e-03 -1.398775e-01 1.381942e+00))
4.65          	((3.819921e+01 -4.652920e+00 0.000000e+00) (-2.780550e-01 -3.168801e-02 1.227008e-18)) ((2.326460e+00 1.909960e+01 -2.045348e+02) (1.584401e-02 -1.390275e-01 1.283289e+00))
4.7           	((3.820229e+01 -5.358195e+00 0.000000e+00) (-2.763464e-01 -6.081293e-02 1.226371e-18)) ((2.679097e+00 1.910115e+01 -2.064618e+02) (3.040646e-02 -1.381732e-01 1.170849e+00))
4.75          	((3.821078e+01 -6.112197e+00 0.000000e+00) (-2.748092e-01 -9.325658e-02 1.225897e-18)) ((3.056099e+00 1.910539e+01 -2.085533e+02) (4.662829e-02 -1.374046e-01 1.046053e+00))
4.8           	((3.822217e+01 -6.908496e+00 0.000000e+00) (-2.735740e-01 -1.288310e-01 1.225819e-18)) ((3.454248e+00 1.911108e+01 -2.107802e+02) (6.441549e-02 -1.367870e-01 9.103973e-01))
4.85          	((3.824887e+01 -7.749824e+00 0.000000e+00) (-2.727108e-01 -1.672288e-01 1.225971e-18)) ((3.874912e+00 1.912443e+01 -2.132194e+02) (8.361438e-02 -1.363554e-01 7.655713e-01))
4.9           	((3.828260e+01 -8.630837e+00 0.000000e+00) (-2.724028e-01 -2.081746e-01 1.226519e-18)) ((4.315418e+00 1.914130e+01 -2.158113e+02) (1.040873e-01 -1.362014e-01 6.137329e-01))
4.95          	((3.832868e+01 -9.548265e+00 0.000000e+00) (-2.719418e-01 -2.513488e-01 1.227433e-18)) ((4.774133e+00 1.916434e+01 -2.185740e+02) (1.256744e-01 -1.359709e-01 4.527027e-01))
5             	((3.840503e+01 -1.051596e+01 0.000000e+00) (-2.710752e-01 -2.964782e-01 1.228164e-18)) ((5.257979e+00 1.920251e+01 -2.216426e+02) (1.482391e-01 -1.355376e-01 2.824402e-01))
5.05          	((3.850298e+01 -1.150055e+01 0.000000e+00) (-2.702668e-01 -3.433435e-01 1.229173e-18)) ((5.750275e+00 1.925149e+01 -2.248662e+02) (1.716717e-01 -1.351334e-01 1.062298e-01))
5.1           	((3.862739e+01 -1.252229e+01 0.000000e+00) (-2.694022e-01 -3.916837e-01 1.230471e-18)) ((6.261143e+00 1.931370e+01 -2.283363e+02) (1.958419e-01 -1.347011e-01 -7.539516e-02))
5.15          	((3.878035e+01 -1.355787e+01 0.000000e+00) (-2.685844e-01 -4.413981e-01 1.231660e-18)) ((6.778936e+00 1.939018e+01 -2.319877e+02) (2.206991e-01 -1.342922e-01 -2.614836e-01))
5.2           	((3.896332e+01 -1.461091e+01 0.000000e+00) (-2.682218e-01 -4.923877e-01 1.232923e-18)) ((7.305454e+00 1.948166e+01 -2.358417e+02) (2.461939e-01 -1.341109e-01 -4.494974e-01))
5.25          	((3.918356e+01 -1.567611e+01 0.000000e+00) (-2.662194e-01 -5.446432e-01 1.233675e-18)) ((7.838054e+00 1.959178e+01 -2.399190e+02) (2.723216e-01 -1.331097e-01 -6.500755e-01))
5.3           	((3.943006e+01 -1.672841e+01 0.000000e+00) (-2.642510e-01 -5.979937e-01 1.234346e-18)) ((8.364204e+00 1.971503e+01 -2.440894e+02) (2.989968e-01 -1.321255e-01 -8.540667e-01))
5.35          	((3.971367e+01 -1.777549e+01 0.000000e+00) (-2.624580e-01 -6.523673e-01 1.234496e-18)) ((8.887746e+00 1.985683e+01 -2.484340e+02) (3.261837e-01 -1.312290e-01 -1.060532e+00))
5.4           	((4.002494e+01 -1.880880e+01 0.000000e+00) (-2.610343e-01 -7.075958e-01 1.234125e-18)) ((9.404400e+00 2.001247e+01 -2.528815e+02) (3.537979e-01 -1.305171e-01 -1.267927e+00))
5.45          	((4.036078e+01 -1.981235e+01 0.000000e+00) (-2.596854e-01 -7.634198e-01 1.233246e-18)) ((9.906177e+00 2.018039e+01 -2.573710e+02) (3.817099e-01 -1.298427e-01 -1.476904e+00))
5.5           	((4.072083e+01 -2.078027e+01 0.000000e+00) (-2.574619e-01 -8.195200e-01 1.231980e-18)) ((1.039013e+01 2.036042e+01 -2.618892e+02) (4.097600e-01 -1.287309e-01 -1.691387e+00))
5.55          	((4.109871e+01 -2.170854e+01 0.000000e+00) (-2.553851e-01 -8.755730e-01 1.230290e-18)) ((1.085427e+01 2.054935e+01 -2.663901e+02) (4.377865e-01 -1.276926e-01 -1.904862e+00))
5.6           	((4.149783e+01 -2.258598e+01 0.000000e+00) (-2.537488e-01 -9.312276e-01 1.228480e-18)) ((1.129299e+01 2.074891e+01 -2.708634e+02) (4.656138e-01 -1.268744e-01 -2.114497e+00))
5.65          	((4.189255e+01 -2.340799e+01 0.000000e+00) (-2.515491e-01 -9.859509e-01 1.226405e-18)) ((1.170399e+01 2.094628e+01 -2.751606e+02) (4.929754e-01 -1.257745e-01 -2.323731e+00))
5.7           	((4.229789e+01 -2.416221e+01 0.000000e+00) (-2.485458e-01 -1.039262e+00 1.224377e-18)) ((1.208111e+01 2.114895e+01 -2.793282e+02) (5.196309e-01 -1.242729e-01 -2.532084e+00))
5.75          	((4.270243e+01 -2.484745e+01 0.000000e+00) (-2.454426e-01 -1.090924e+00 1.222172e-18)) ((1.242373e+01 2.135122e+01 -2.833020e+02) (5.454621e-01 -1.227213e-01 -2.734554e+00))
5.8           	((4.309887e+01 -2.545185e+01 0.000000e+00) (-2.433181e-01 -1.140576e+00 1.219942e-18)) ((1.272592e+01 2.154943e+01 -2.870099e+02) (5.702879e-01 -1.216591e-01 -2.924314e+00))
5.85          	((4.347373e+01 -2.596791e+01 0.000000e+00) (-2.396454e-01 -1.187602e+00 1.217645e-18)) ((1.298395e+01 2.173686e+01 -2.903599e+02) (5.938012e-01 -1.198227e-01 -3.112906e+00))
5.9           	((4.383308e+01 -2.638648e+01 0.000000e+00) (-2.359186e-01 -1.231579e+00 1.215501e-18)) ((1.319324e+01 2.191654e+01 -2.933575e+02) (6.157896e-01 -1.179593e-01 -3.290707e+00))
5.95          	((4.416837e+01 -2.670195e+01 0.000000e+00) (-2.322608e-01 -1.272129e+00 1.213409e-18)) ((1.335098e+01 2.208418e+01 -2.959427e+02) (6.360644e-01 -1.161304e-01 -3.455726e+00))
6             	((4.447723e+01 -2.690301e+01 0.000000e+00) (-2.289159e-01 -1.308896e+00 1.211457e-18)) ((1.345150e+01 2.223862e+01 -2.980724e+02) (6.544478e-01 -1.144579e-01 -3.605392e+00))
6.05          	((4.475618e+01 -2.697562e+01 0.000000e+00) (-2.253861e-01 -1.341493e+00 1.209363e-18)) ((1.348781e+01 2.237809e+01 -2.996823e+02) (6.707466e-01 -1.126931e-01 -3.741195e+00))
6.1           	((4.500925e+01 -2.691894e+01 0.000000e+00) (-2.212122e-01 -1.369569e+00 1.207343e-18)) ((1.345947e+01 2.250462e+01 -3.007985e+02) (6.847847e-01 -1.106061e-01 -3.864504e+00))
6.15          	((4.522615e+01 -2.672300e+01 0.000000e+00) (-2.172767e-01 -1.392764e+00 1.205423e-18)) ((1.336150e+01 2.261308e+01 -3.013364e+02) (6.963818e-01 -1.086384e-01 -3.969220e+00))
6.2           	((4.542017e+01 -2.637410e+01 0.000000e+00) (-2.135538e-01 -1.410728e+00 1.203284e-18)) ((1.318705e+01 2.271009e+01 -3.013219e+02) (7.053638e-01 -1.067769e-01 -4.054268e+00))
6.25          	((4.557750e+01 -2.587080e+01 0.000000e+00) (-2.100095e-01 -1.423065e+00 1.201332e-18)) ((1.293540e+01 2.278875e+01 -3.006843e+02) (7.115326e-01 -1.050047e-01 -4.118414e+00))
6.3           	((4.569749e+01 -2.521802e+01 0.000000e+00) (-2.066764e-01 -1.429513e+00 1.198889e-18)) ((1.260901e+01 2.284875e+01 -2.994310e+02) (7.147566e-01 -1.033382e-01 -4.160640e+00))
6.35          	((4.577719e+01 -2.439484e+01 0.000000e+00) (-2.035718e-01 -1.429776e+00 1.196544e-18)) ((1.219742e+01 2.288859e+01 -2.974851e+02) (7.148880e-01 -1.017859e-01 -4.179808e+00))
6.4           	((4.581401e+01 -2.340539e+01 0.000000e+00) (-2.006579e-01 -1.423598e+00 1.193901e-18)) ((1.170269e+01 2.290701e+01 -2.948446e+02) (7.117989e-01 -1.003290e-01 -4.175171e+00))
6.45          	((4.579874e+01 -2.224791e+01 0.000000e+00) (-1.979988e-01 -1.410813e+00 1.191148e-18)) ((1.112395e+01 2.289937e+01 -2.914580e+02) (7.054067e-01 -9.899940e-02 -4.145785e+00))
6.5           	((4.572801e+01 -2.091986e+01 0.000000e+00) (-1.955239e-01 -1.391233e+00 1.188176e-18)) ((1.045993e+01 2.286400e+01 -2.872983e+02) (6.956163e-01 -9.776197e-02 -4.091375e+00))
6.55          	((4.560314e+01 -1.942164e+01 0.000000e+00) (-1.929328e-01 -1.364666e+00 1.185121e-18)) ((9.710822e+00 2.280157e+01 -2.823750e+02) (6.823332e-01 -9.646639e-02 -4.012917e+00))
6.6           	((4.541201e+01 -1.775709e+01 0.000000e+00) (-1.903338e-01 -1.330966e+00 1.182244e-18)) ((8.878544e+00 2.270601e+01 -2.766394e+02) (6.654832e-01 -9.516691e-02 -3.909274e+00))
6.65          	((4.515976e+01 -1.593036e+01 0.000000e+00) (-1.881009e-01 -1.289996e+00 1.179624e-18)) ((7.965180e+00 2.257988e+01 -2.701316e+02) (6.449982e-01 -9.405046e-02 -3.778055e+00))
6.7           	((4.483885e+01 -1.393041e+01 0.000000e+00) (-1.864220e-01 -1.241590e+00 1.176850e-18)) ((6.965203e+00 2.241942e+01 -2.627782e+02) (6.207948e-01 -9.321098e-02 -3.617575e+00))
6.75          	((4.445461e+01 -1.176959e+01 0.000000e+00) (-1.852698e-01 -1.185630e+00 1.174526e-18)) ((5.884796e+00 2.222730e+01 -2.546455e+02) (5.928148e-01 -9.263492e-02 -3.427508e+00))
6.8           	((4.401800e+01 -9.441469e+00 0.000000e+00) (-1.846756e-01 -1.121945e+00 1.172165e-18)) ((4.720735e+00 2.200900e+01 -2.457695e+02) (5.609727e-01 -9.233781e-02 -3.207074e+00))
6.85          	((4.353266e+01 -6.957762e+00 0.000000e+00) (-1.846995e-01 -1.050269e+00 1.169801e-18)) ((3.478881e+00 2.176633e+01 -2.362042e+02) (5.251347e-01 -9.234976e-02 -2.955006e+00))
6.9           	((4.301258e+01 -4.317460e+00 0.000000e+00) (-1.855397e-01 -9.715984e-01 1.168173e-18)) ((2.158730e+00 2.150629e+01 -2.260213e+02) (4.857992e-01 -9.276987e-02 -2.673755e+00))
6.95          	((4.246060e+01 -1.517016e+00 0.000000e+00) (-1.868413e-01 -8.845398e-01 1.167003e-18)) ((7.585078e-01 2.123030e+01 -2.152199e+02) (4.422699e-01 -9.342065e-02 -2.360354e+00))
7             	((4.191168e+01 1.436365e+00 0.000000e+00) (-1.878678e-01 -7.893136e-01 1.166150e-18)) ((-7.181824e-01 2.095584e+01 -2.040057e+02) (3.946568e-01 -9.393392e-02 -2.019604e+00))
7.05          	((4.138309e+01 4.530011e+00 0.000000e+00) (-1.899362e-01 -6.859154e-01 1.164943e-18)) ((-2.265005e+00 2.069154e+01 -1.925050e+02) (3.429577e-01 -9.496811e-02 -1.644318e+00))
7.1           	((4.088209e+01 7.763351e+00 0.000000e+00) (-1.925269e-01 -5.743021e-01 1.163704e-18)) ((-3.881675e+00 2.044105e+01 -1.807578e+02) (2.871511e-01 -9.626346e-02 -1.237147e+00))
7.15          	((4.044907e+01 1.112509e+01 0.000000e+00) (-1.953820e-01 -4.547908e-01 1.162605e-18)) ((-5.562547e+00 2.022454e+01 -1.690110e+02) (2.273954e-01 -9.769102e-02 -7.997016e-01))
7.2           	((4.011262e+01 1.459287e+01 0.000000e+00) (-1.987692e-01 -3.269643e-01 1.161370e-18)) ((-7.296433e+00 2.005631e+01 -1.574723e+02) (1.634822e-01 -9.938460e-02 -3.292690e-01))
7.25          	((3.991780e+01 1.815385e+01 0.000000e+00) (-2.025585e-01 -1.908025e-01 1.160382e-18)) ((-9.076924e+00 1.995890e+01 -1.464170e+02) (9.540125e-02 -1.012793e-01 1.733419e-01))
7.3           	((3.986955e+01 2.177583e+01 0.000000e+00) (-2.061190e-01 -4.630709e-02 1.158807e-18)) ((-1.088792e+01 1.993478e+01 -1.359592e+02) (2.315354e-02 -1.030595e-01 7.054484e-01))
7.35          	((4.003233e+01 2.544054e+01 0.000000e+00) (-2.107844e-01 1.064047e-01 1.157871e-18)) ((-1.272027e+01 2.001616e+01 -1.264822e+02) (-5.320235e-02 -1.053922e-01 1.274005e+00))
7.4           	((4.043678e+01 2.908987e+01 0.000000e+00) (-2.155074e-01 2.664527e-01 1.155596e-18)) ((-1.454494e+01 2.021839e+01 -1.183009e+02) (-1.332263e-01 -1.077537e-01 1.871077e+00))
7.45          	((4.109363e+01 3.271721e+01 0.000000e+00) (-2.200461e-01 4.331054e-01 1.152763e-18)) ((-1.635861e+01 2.054681e+01 -1.114735e+02) (-2.165527e-01 -1.100230e-01 2.493296e+00))
7.5           	((4.205651e+01 3.626114e+01 0.000000e+00) (-2.250288e-01 6.051550e-01 1.148783e-18)) ((-1.813057e+01 2.102826e+01 -1.064273e+02) (-3.025775e-01 -1.125144e-01 3.139914e+00))
7.55          	((4.330554e+01 3.966170e+01 0.000000e+00) (-2.301800e-01 7.811054e-01 1.143722e-18)) ((-1.983085e+01 2.165277e+01 -1.032104e+02) (-3.905527e-01 -1.150900e-01 3.804141e+00))
7.6           	((4.482537e+01 4.288139e+01 0.000000e+00) (-2.348128e-01 9.592210e-01 1.138148e-18)) ((-2.144069e+01 2.241269e+01 -1.018163e+02) (-4.796105e-01 -1.174064e-01 4.476068e+00))
7.65          	((4.658622e+01 4.588133e+01 0.000000e+00) (-2.376951e-01 1.136759e+00 1.130839e-18)) ((-2.294067e+01 2.329311e+01 -1.021711e+02) (-5.683795e-01 -1.188475e-01 5.140734e+00))
7.7           	((4.853221e+01 4.859618e+01 0.000000e+00) (-2.389606e-01 1.311551e+00 1.123294e-18)) ((-2.429809e+01 2.426610e+01 -1.041699e+02) (-6.557753e-01 -1.194803e-01 5.790039e+00))
7.75          	((5.061029e+01 5.100525e+01 0.000000e+00) (-2.380459e-01 1.480687e+00 1.115247e-18)) ((-2.550263e+01 2.530514e+01 -1.075753e+02) (-7.403433e-01 -1.190229e-01 6.410423e+00))
7.8           	((5.274763e+01 5.303036e+01 0.000000e+00) (-2.336675e-01 1.641679e+00 1.106888e-18)) ((-2.651518e+01 2.637381e+01 -1.122691e+02) (-8.208393e-01 -1.168337e-01 6.987180e+00))
7.85          	((5.490159e+01 5.463434e+01 0.000000e+00) (-2.244444e-01 1.792230e+00 1.098294e-18)) ((-2.731717e+01 2.745079e+01 -1.181568e+02) (-8.961152e-01 -1.122222e-01 7.504904e+00))
7.9           	((5.703210e+01 5.573029e+01 0.000000e+00) (-2.092580e-01 1.929518e+00 1.089992e-18)) ((-2.786515e+01 2.851605e+01 -1.253261e+02) (-9.647592e-01 -1.046290e-01 7.948271e+00))
7.95          	((5.908510e+01 5.625873e+01 0.000000e+00) (-1.867184e-01 2.051795e+00 1.083226e-18)) ((-2.812937e+01 2.954255e+01 -1.337077e+02) (-1.025898e+00 -9.335919e-02 8.304349e+00))
8             	((6.103543e+01 5.615704e+01 0.000000e+00) (-1.557712e-01 2.157031e+00 1.076506e-18)) ((-2.807852e+01 3.051771e+01 -1.433982e+02) (-1.078516e+00 -7.788558e-02 8.561600e+00))
8.05          	((6.289598e+01 5.543335e+01 0.000000e+00) (-1.154161e-01 2.242720e+00 1.069343e-18)) ((-2.771667e+01 3.144799e+01 -1.544210e+02) (-1.121360e+00 -5.770807e-02 8.705492e+00))
8.1           	((6.463558e+01 5.401805e+01 0.000000e+00) (-6.662850e-02 2.306346e+00 1.062925e-18)) ((-2.700903e+01 3.231779e+01 -1.668353e+02) (-1.153173e+00 -3.331425e-02 8.730574e+00))
8.15          	((6.619272e+01 5.195053e+01 0.000000e+00) (-1.100674e-02 2.344078e+00 1.055965e-18)) ((-2.597527e+01 3.309636e+01 -1.801885e+02) (-1.172039e+00 -5.503369e-03 8.629145e+00))
8.2           	((6.757609e+01 4.925997e+01 0.000000e+00) (4.808036e-02 2.350911e+00 1.049721e-18)) ((-2.462999e+01 3.378805e+01 -1.944220e+02) (-1.175455e+00 2.404018e-02 8.395800e+00))
8.25          	((6.874035e+01 4.596926e+01 0.000000e+00) (1.060129e-01 2.321309e+00 1.046113e-18)) ((-2.298463e+01 3.437018e+01 -2.092207e+02) (-1.160654e+00 5.300643e-02 8.029104e+00))
8.3           	((6.964675e+01 4.211264e+01 0.000000e+00) (1.586063e-01 2.255180e+00 1.046005e-18)) ((-2.105632e+01 3.482337e+01 -2.243148e+02) (-1.127590e+00 7.930316e-02 7.547309e+00))
8.35          	((7.020114e+01 3.768839e+01 0.000000e+00) (2.017429e-01 2.156299e+00 1.051938e-18)) ((-1.884419e+01 3.510057e+01 -2.392778e+02) (-1.078149e+00 1.008714e-01 6.984739e+00))
8.4           	((7.030378e+01 3.268500e+01 0.000000e+00) (2.363064e-01 2.033708e+00 1.069286e-18)) ((-1.634250e+01 3.515189e+01 -2.537259e+02) (-1.016854e+00 1.181532e-01 6.374956e+00))
8.45          	((6.984688e+01 2.696027e+01 0.000000e+00) (2.643409e-01 1.895976e+00 1.097041e-18)) ((-1.348013e+01 3.492344e+01 -2.677217e+02) (-9.479882e-01 1.321705e-01 5.745084e+00))
8.5           	((6.884842e+01 2.059902e+01 0.000000e+00) (2.871425e-01 1.747522e+00 1.135906e-18)) ((-1.029951e+01 3.442421e+01 -2.810935e+02) (-8.737612e-01 1.435712e-01 5.108539e+00))
8.55          	((6.746262e+01 1.367580e+01 0.000000e+00) (3.049044e-01 1.587552e+00 1.181446e-18)) ((-6.837902e+00 3.373131e+01 -2.943599e+02) (-7.937760e-01 1.524522e-01 4.461052e+00))
8.6           	((6.583637e+01 6.355107e+00 0.000000e+00) (3.189635e-01 1.412396e+00 1.230765e-18)) ((-3.177553e+00 3.291818e+01 -3.076650e+02) (-7.061981e-01 1.594817e-01 3.781710e+00))
8.65          	((6.417584e+01 -1.198485e+00 0.000000e+00) (3.302885e-01 1.217239e+00 1.280792e-18)) ((5.992424e-01 3.208792e+01 -3.214693e+02) (-6.086197e-01 1.651443e-01 3.045887e+00))
8.7           	((6.270871e+01 -8.853070e+00 0.000000e+00) (3.379642e-01 9.978692e-01 1.331270e-18)) ((4.426535e+00 3.135436e+01 -3.364331e+02) (-4.989346e-01 1.689821e-01 2.238899e+00))
8.75          	((6.152752e+01 -1.644630e+01 0.000000e+00) (3.412301e-01 7.517414e-01 1.380968e-18)) ((8.223148e+00 3.076376e+01 -3.525018e+02) (-3.758707e-01 1.706150e-01 1.351327e+00))
8.8           	((6.071469e+01 -2.377586e+01 0.000000e+00) (3.376958e-01 4.818742e-01 1.430381e-18)) ((1.188793e+01 3.035734e+01 -3.694419e+02) (-2.409371e-01 1.688479e-01 4.008837e-01))
8.85          	((6.046166e+01 -3.077056e+01 0.000000e+00) (3.233066e-01 1.939994e-01 1.478241e-18)) ((1.538528e+01 3.023083e+01 -3.880206e+02) (-9.699971e-02 1.616533e-01 -5.767585e-01))
8.9           	((6.069933e+01 -3.734190e+01 0.000000e+00) (3.016610e-01 -1.036331e-01 1.522446e-18)) ((1.867095e+01 3.034967e+01 -4.077364e+02) (5.181655e-02 1.508305e-01 -1.571533e+00))
8.95          	((6.152980e+01 -4.326984e+01 0.000000e+00) (2.729455e-01 -4.000414e-01 1.560955e-18)) ((2.163492e+01 3.076490e+01 -4.285559e+02) (2.000207e-01 1.364727e-01 -2.542630e+00))
9             	((6.284158e+01 -4.835910e+01 0.000000e+00) (2.369409e-01 -6.859397e-01 1.589404e-18)) ((2.417955e+01 3.142079e+01 -4.493609e+02) (3.429698e-01 1.184704e-01 -3.451544e+00))
9.05          	((6.444849e+01 -5.242507e+01 0.000000e+00) (1.959456e-01 -9.530513e-01 1.608440e-18)) ((2.621253e+01 3.222425e+01 -4.687474e+02) (4.765257e-01 9.797279e-02 -4.285307e+00))
9.1           	((6.620756e+01 -5.543021e+01 0.000000e+00) (1.488793e-01 -1.191304e+00 1.614725e-18)) ((2.771510e+01 3.310378e+01 -4.860233e+02) (5.956521e-01 7.443966e-02 -5.002716e+00))
9.15          	((6.769813e+01 -5.737505e+01 0.000000e+00) (9.658152e-02 -1.385029e+00 1.609842e-18)) ((2.868753e+01 3.384906e+01 -4.991799e+02) (6.925147e-01 4.829076e-02 -5.547542e+00))
9.2           	((6.857415e+01 -5.837905e+01 0.000000e+00) (3.734209e-02 -1.517890e+00 1.594837e-18)) ((2.918953e+01 3.428708e+01 -5.069030e+02) (7.589448e-01 1.867104e-02 -5.841863e+00))
9.25          	((6.880719e+01 -5.861115e+01 0.000000e+00) (-2.812903e-02 -1.576426e+00 1.572021e-18)) ((2.930558e+01 3.440359e+01 -5.095919e+02) (7.882128e-01 -1.406452e-02 -5.826805e+00))
9.3           	((6.841696e+01 -5.841854e+01 0.000000e+00) (-1.068718e-01 -1.553322e+00 1.540482e-18)) ((2.920927e+01 3.420848e+01 -5.084440e+02) (7.766608e-01 -5.343591e-02 -5.427556e+00))
9.35          	((6.745166e+01 -5.795205e+01 0.000000e+00) (-2.094612e-01 -1.455173e+00 1.512569e-18)) ((2.897602e+01 3.372583e+01 -5.040774e+02) (7.275865e-01 -1.047306e-01 -4.605540e+00))
9.4           	((6.599499e+01 -5.719272e+01 0.000000e+00) (-3.229186e-01 -1.304320e+00 1.487153e-18)) ((2.859636e+01 3.299749e+01 -4.966855e+02) (6.521599e-01 -1.614593e-01 -3.519268e+00))
9.45          	((6.376578e+01 -5.598357e+01 0.000000e+00) (-4.393351e-01 -1.131503e+00 1.474273e-18)) ((2.799178e+01 3.188289e+01 -4.840007e+02) (5.657515e-01 -2.196675e-01 -2.331788e+00))
9.5           	((6.059291e+01 -5.409545e+01 0.000000e+00) (-5.601181e-01 -9.588111e-01 1.478741e-18)) ((2.704773e+01 3.029645e+01 -4.641989e+02) (4.794056e-01 -2.800590e-01 -1.122618e+00))
9.55          	((5.678603e+01 -5.157170e+01 0.000000e+00) (-6.720193e-01 -8.012663e-01 1.497229e-18)) ((2.578585e+01 2.839301e+01 -4.389205e+02) (4.006331e-01 -3.360096e-01 -2.660292e-02))
9.6           	((5.241440e+01 -4.845614e+01 0.000000e+00) (-7.721320e-01 -6.601196e-01 1.529657e-18)) ((2.422807e+01 2.620720e+01 -4.086065e+02) (3.300598e-01 -3.860660e-01 9.410707e-01))
9.65          	((4.784316e+01 -4.487688e+01 0.000000e+00) (-8.653932e-01 -5.352052e-01 1.570488e-18)) ((2.243844e+01 2.392158e+01 -3.755555e+02) (2.676026e-01 -4.326966e-01 1.810498e+00))
9.7           	((4.331339e+01 -4.089904e+01 0.000000e+00) (-9.474295e-01 -4.231966e-01 1.611139e-18)) ((2.044952e+01 2.165669e+01 -3.412628e+02) (2.115983e-01 -4.737147e-01 2.570787e+00))
9.75          	((3.914704e+01 -3.663319e+01 0.000000e+00) (-1.022483e+00 -3.221174e-01 1.644470e-18)) ((1.831659e+01 1.957352e+01 -3.078729e+02) (1.610587e-01 -5.112417e-01 3.256166e+00))
9.8           	((3.562532e+01 -3.218229e+01 0.000000e+00) (-1.091934e+00 -2.195234e-01 1.671068e-18)) ((1.609114e+01 1.781266e+01 -2.772174e+02) (1.097617e-01 -5.459668e-01 3.924592e+00))
9.85          	((3.304946e+01 -2.773236e+01 0.000000e+00) (-1.157716e+00 -1.172575e-01 1.684910e-18)) ((1.386618e+01 1.652473e+01 -2.515287e+02) (5.862873e-02 -5.788580e-01 4.581510e+00))
9.9           	((3.142575e+01 -2.338446e+01 0.000000e+00) (-1.218886e+00 -1.759825e-02 1.686975e-18)) ((1.169223e+01 1.571287e+01 -2.311066e+02) (8.799127e-03 -6.094429e-01 5.214229e+00))
9.95          	((3.071174e+01 -1.937688e+01 0.000000e+00) (-1.272658e+00 7.354119e-02 1.683125e-18)) ((9.688440e+00 1.535587e+01 -2.165086e+02) (-3.677060e-02 -6.363289e-01 5.791161e+00))
10            	((3.070110e+01 -1.581677e+01 0.000000e+00) (-1.318777e+00 1.482484e-01 1.672548e-18)) ((7.908384e+00 1.535055e+01 -2.068921e+02) (-7.412418e-02 -6.593886e-01 6.289168e+00))
10.05         	((3.114241e+01 -1.261868e+01 0.000000e+00) (-1.349452e+00 2.042556e-01 1.651121e-18)) ((6.309341e+00 1.557120e+01 -2.005044e+02) (-1.021278e-01 -6.747261e-01 6.667135e+00))
10.1          	((3.191053e+01 -9.867450e+00 0.000000e+00) (-1.356402e+00 2.443903e-01 1.622832e-18)) ((4.933725e+00 1.595526e+01 -1.969640e+02) (-1.221951e-01 -6.782009e-01 6.900376e+00))
10.15         	((3.287032e+01 -7.548322e+00 0.000000e+00) (-1.340547e+00 2.697546e-01 1.590590e-18)) ((3.774161e+00 1.643516e+01 -1.955123e+02) (-1.348773e-01 -6.702737e-01 6.994923e+00))
10.2          	((3.379485e+01 -5.585536e+00 0.000000e+00) (-1.312534e+00 2.857810e-01 1.558893e-18)) ((2.792768e+00 1.689742e+01 -1.947128e+02) (-1.428905e-01 -6.562671e-01 7.011668e+00))
10.25         	((3.470557e+01 -3.897522e+00 0.000000e+00) (-1.271472e+00 2.871008e-01 1.534210e-18)) ((1.948761e+00 1.735278e+01 -1.944378e+02) (-1.435504e-01 -6.357360e-01 6.928751e+00))
10.3          	((3.549449e+01 -2.443369e+00 0.000000e+00) (-1.210445e+00 2.693134e-01 1.513131e-18)) ((1.221684e+00 1.774724e+01 -1.939900e+02) (-1.346567e-01 -6.052227e-01 6.699592e+00))
10.35         	((3.619949e+01 -1.058081e+00 0.000000e+00) (-1.129327e+00 2.337849e-01 1.484684e-18)) ((5.290405e-01 1.809974e+01 -1.930259e+02) (-1.168925e-01 -5.646636e-01 6.327378e+00))
10.4          	((3.680979e+01 3.185295e-01 0.000000e+00) (-1.033257e+00 1.858920e-01 1.455755e-18)) ((-1.592647e-01 1.840489e+01 -1.913421e+02) (-9.294600e-02 -5.166283e-01 5.852627e+00))
10.45         	((3.736124e+01 1.746504e+00 0.000000e+00) (-9.282935e-01 1.310413e-01 1.429890e-18)) ((-8.732518e-01 1.868062e+01 -1.889429e+02) (-6.552065e-02 -4.641467e-01 5.315057e+00))
10.5          	((3.789893e+01 3.256206e+00 0.000000e+00) (-8.218201e-01 7.135740e-02 1.406336e-18)) ((-1.628103e+00 1.894946e+01 -1.859850e+02) (-3.567870e-02 -4.109101e-01 4.749541e+00))
10.55         	((3.835736e+01 4.793723e+00 0.000000e+00) (-7.247754e-01 2.303756e-03 1.398076e-18)) ((-2.396861e+00 1.917868e+01 -1.823289e+02) (-1.151878e-03 -3.623877e-01 4.181769e+00))
10.6          	((3.884647e+01 6.469991e+00 0.000000e+00) (-6.541317e-01 -7.328684e-02 1.387788e-18)) ((-3.234996e+00 1.942323e+01 -1.782359e+02) (3.664342e-02 -3.270658e-01 3.688351e+00))
10.65         	((3.917720e+01 8.227282e+00 0.000000e+00) (-6.240321e-01 -1.502452e-01 1.385190e-18)) ((-4.113641e+00 1.958860e+01 -1.730190e+02) (7.512259e-02 -3.120161e-01 3.346251e+00))
10.7          	((3.927581e+01 9.848538e+00 0.000000e+00) (-6.341355e-01 -2.308052e-01 1.389591e-18)) ((-4.924269e+00 1.963791e+01 -1.670594e+02) (1.154026e-01 -3.170677e-01 3.144997e+00))
10.75         	((3.910706e+01 1.138130e+01 0.000000e+00) (-6.755336e-01 -3.104463e-01 1.399294e-18)) ((-5.690649e+00 1.955353e+01 -1.601228e+02) (1.552232e-01 -3.377668e-01 3.065389e+00))
10.8          	((3.863645e+01 1.266425e+01 0.000000e+00) (-7.390192e-01 -3.776202e-01 1.419759e-18)) ((-6.332125e+00 1.931823e+01 -1.526097e+02) (1.888101e-01 -3.695096e-01 3.116393e+00))
10.85         	((3.789726e+01 1.369656e+01 0.000000e+00) (-8.076487e-01 -4.239959e-01 1.443532e-18)) ((-6.848280e+00 1.894863e+01 -1.447502e+02) (2.119979e-01 -4.038244e-01 3.258943e+00))
10.9          	((3.693159e+01 1.439619e+01 0.000000e+00) (-8.739634e-01 -4.445887e-01 1.471672e-18)) ((-7.198094e+00 1.846579e+01 -1.370655e+02) (2.222943e-01 -4.369817e-01 3.479749e+00))
10.95         	((3.591371e+01 1.480455e+01 0.000000e+00) (-9.346996e-01 -4.371316e-01 1.503009e-18)) ((-7.402273e+00 1.795686e+01 -1.302620e+02) (2.185658e-01 -4.673498e-01 3.769387e+00))
11            	((3.506729e+01 1.499821e+01 0.000000e+00) (-9.847398e-01 -4.026890e-01 1.530793e-18)) ((-7.499105e+00 1.753365e+01 -1.252418e+02) (2.013445e-01 -4.923699e-01 4.093303e+00))
11.05         	((3.452349e+01 1.511927e+01 0.000000e+00) (-1.016729e+00 -3.448537e-01 1.551584e-18)) ((-7.559637e+00 1.726174e+01 -1.221697e+02) (1.724269e-01 -5.083647e-01 4.399203e+00))
11.1          	((3.443574e+01 1.524044e+01 0.000000e+00) (-1.020895e+00 -2.680476e-01 1.560797e-18)) ((-7.620218e+00 1.721787e+01 -1.215660e+02) (1.340238e-01 -5.104474e-01 4.619515e+00))
11.15         	((3.496150e+01 1.543657e+01 0.000000e+00) (-9.918980e-01 -1.795427e-01 1.554672e-18)) ((-7.718287e+00 1.748075e+01 -1.239421e+02) (8.977133e-02 -4.959490e-01 4.702369e+00))
11.2          	((3.598212e+01 1.579481e+01 0.000000e+00) (-9.278845e-01 -8.626896e-02 1.534293e-18)) ((-7.897407e+00 1.799106e+01 -1.283642e+02) (4.313448e-02 -4.639422e-01 4.613036e+00))
11.25         	((3.756195e+01 1.644642e+01 0.000000e+00) (-8.259465e-01 5.970266e-03 1.490812e-18)) ((-8.223212e+00 1.878097e+01 -1.346954e+02) (-2.985133e-03 -4.129732e-01 4.315631e+00))
11.3          	((3.948602e+01 1.721359e+01 0.000000e+00) (-6.912637e-01 9.563308e-02 1.429642e-18)) ((-8.606793e+00 1.974301e+01 -1.424722e+02) (-4.781654e-02 -3.456318e-01 3.837302e+00))
11.35         	((4.160341e+01 1.809120e+01 0.000000e+00) (-5.356853e-01 1.824576e-01 1.357558e-18)) ((-9.045601e+00 2.080170e+01 -1.510078e+02) (-9.122879e-02 -2.678426e-01 3.246313e+00))
11.4          	((4.356334e+01 1.903579e+01 0.000000e+00) (-3.687896e-01 2.678094e-01 1.281233e-18)) ((-9.517894e+00 2.178167e+01 -1.586683e+02) (-1.339047e-01 -1.843948e-01 2.601321e+00))
11.45         	((4.532845e+01 1.987746e+01 0.000000e+00) (-2.069126e-01 3.527225e-01 1.206372e-18)) ((-9.938732e+00 2.266422e+01 -1.658474e+02) (-1.763612e-01 -1.034563e-01 1.992291e+00))
11.5          	((4.682774e+01 2.066880e+01 0.000000e+00) (-6.772789e-02 4.355366e-01 1.145907e-18)) ((-1.033440e+01 2.341387e+01 -1.719424e+02) (-2.177683e-01 -3.386395e-02 1.504549e+00))
11.55         	((4.780752e+01 2.148337e+01 0.000000e+00) (3.761450e-02 5.143471e-01 1.103587e-18)) ((-1.074169e+01 2.390376e+01 -1.754008e+02) (-2.571735e-01 1.880725e-02 1.191815e+00))
11.6          	((4.850244e+01 2.212270e+01 0.000000e+00) (9.708368e-02 5.885244e-01 1.074281e-18)) ((-1.106135e+01 2.425122e+01 -1.780421e+02) (-2.942622e-01 4.854184e-02 1.118990e+00))
11.65         	((4.889806e+01 2.277417e+01 0.000000e+00) (1.089087e-01 6.666063e-01 1.052834e-18)) ((-1.138708e+01 2.444903e+01 -1.791392e+02) (-3.333031e-01 5.445437e-02 1.332359e+00))
11.7          	((4.910426e+01 2.349372e+01 0.000000e+00) (8.140941e-02 7.504576e-01 1.039980e-18)) ((-1.174686e+01 2.455213e+01 -1.790732e+02) (-3.752288e-01 4.070470e-02 1.796374e+00))
11.75         	((4.921950e+01 2.434324e+01 0.000000e+00) (2.768891e-02 8.369388e-01 1.029270e-18)) ((-1.217162e+01 2.460975e+01 -1.781546e+02) (-4.184694e-01 1.384446e-02 2.422209e+00))
11.8          	((4.928892e+01 2.558468e+01 0.000000e+00) (-3.731306e-02 9.200980e-01 1.029233e-18)) ((-1.279234e+01 2.464446e+01 -1.756418e+02) (-4.600490e-01 -1.865653e-02 3.103175e+00))
11.85         	((4.934099e+01 2.732169e+01 0.000000e+00) (-1.052128e-01 9.989683e-01 1.045419e-18)) ((-1.366084e+01 2.467049e+01 -1.712852e+02) (-4.994841e-01 -5.260638e-02 3.786978e+00))
11.9          	((4.942197e+01 2.952255e+01 0.000000e+00) (-1.659445e-01 1.072459e+00 1.078301e-18)) ((-1.476127e+01 2.471099e+01 -1.653712e+02) (-5.362295e-01 -8.297226e-02 4.416268e+00))
11.95         	((4.966030e+01 3.201813e+01 0.000000e+00) (-2.156178e-01 1.141823e+00 1.122166e-18)) ((-1.600907e+01 2.483015e+01 -1.591066e+02) (-5.709114e-01 -1.078089e-01 4.973252e+00))
12            	((5.008784e+01 3.461476e+01 0.000000e+00) (-2.473791e-01 1.210834e+00 1.171437e-18)) ((-1.730738e+01 2.504392e+01 -1.533365e+02) (-6.054169e-01 -1.236896e-01 5.436912e+00))
12.05         	((5.081905e+01 3.709638e+01 0.000000e+00) (-2.617931e-01 1.283052e+00 1.218970e-18)) ((-1.854819e+01 2.540953e+01 -1.493915e+02) (-6.415261e-01 -1.308966e-01 5.821206e+00))
12.1          	((5.182960e+01 3.929450e+01 0.000000e+00) (-2.598007e-01 1.358778e+00 1.249979e-18)) ((-1.964725e+01 2.591480e+01 -1.477934e+02) (-6.793892e-01 -1.299003e-01 6.132867e+00))
12.15         	((5.314388e+01 4.115163e+01 0.000000e+00) (-2.467843e-01 1.444149e+00 1.266869e-18)) ((-2.057582e+01 2.657194e+01 -1.488611e+02) (-7.220743e-01 -1.233921e-01 6.419735e+00))
12.2          	((5.467439e+01 4.272657e+01 0.000000e+00) (-2.254988e-01 1.532226e+00 1.266918e-18)) ((-2.136328e+01 2.733719e+01 -1.519563e+02) (-7.661128e-01 -1.127494e-01 6.667278e+00))
12.25         	((5.625222e+01 4.403043e+01 0.000000e+00) (-1.994351e-01 1.619354e+00 1.253708e-18)) ((-2.201521e+01 2.812611e+01 -1.561294e+02) (-8.096771e-01 -9.971753e-02 6.878286e+00))
12.3          	((5.774453e+01 4.511621e+01 0.000000e+00) (-1.734010e-01 1.702732e+00 1.230765e-18)) ((-2.255811e+01 2.887227e+01 -1.604843e+02) (-8.513661e-01 -8.670048e-02 7.066734e+00))
12.35         	((5.903436e+01 4.601282e+01 0.000000e+00) (-1.495868e-01 1.779239e+00 1.199413e-18)) ((-2.300641e+01 2.951718e+01 -1.642716e+02) (-8.896193e-01 -7.479340e-02 7.236952e+00))
12.4          	((6.008801e+01 4.676207e+01 0.000000e+00) (-1.323597e-01 1.847197e+00 1.161313e-18)) ((-2.338103e+01 3.004401e+01 -1.671593e+02) (-9.235983e-01 -6.617987e-02 7.408645e+00))
12.45         	((6.097394e+01 4.730965e+01 0.000000e+00) (-1.214992e-01 1.905702e+00 1.114672e-18)) ((-2.365482e+01 3.048697e+01 -1.696304e+02) (-9.528509e-01 -6.074961e-02 7.580876e+00))
12.5          	((6.170944e+01 4.760390e+01 0.000000e+00) (-1.152574e-01 1.954926e+00 1.059109e-18)) ((-2.380195e+01 3.085472e+01 -1.719709e+02) (-9.774632e-01 -5.762869e-02 7.747011e+00))
12.55         	((6.243899e+01 4.763219e+01 0.000000e+00) (-1.106112e-01 1.994150e+00 9.922028e-19)) ((-2.381609e+01 3.121950e+01 -1.749493e+02) (-9.970748e-01 -5.530560e-02 7.888667e+00))
12.6          	((6.322762e+01 4.726731e+01 0.000000e+00) (-1.031416e-01 2.023846e+00 9.124594e-19)) ((-2.363366e+01 3.161381e+01 -1.793595e+02) (-1.011923e+00 -5.157079e-02 7.984343e+00))
12.65         	((6.415169e+01 4.646353e+01 0.000000e+00) (-8.946971e-02 2.044060e+00 8.186428e-19)) ((-2.323177e+01 3.207584e+01 -1.857376e+02) (-1.022030e+00 -4.473486e-02 8.015796e+00))
12.7          	((6.528085e+01 4.519671e+01 0.000000e+00) (-6.703062e-02 2.053853e+00 7.089603e-19)) ((-2.259835e+01 3.264043e+01 -1.945422e+02) (-1.026927e+00 -3.351531e-02 7.963767e+00))
12.75         	((6.660827e+01 4.339975e+01 0.000000e+00) (-3.478811e-02 2.051410e+00 5.879653e-19)) ((-2.169987e+01 3.330413e+01 -2.059507e+02) (-1.025705e+00 -1.739405e-02 7.813437e+00))
12.8          	((6.802380e+01 4.113416e+01 0.000000e+00) (7.144397e-03 2.034089e+00 4.616581e-19)) ((-2.056708e+01 3.401190e+01 -2.191837e+02) (-1.017045e+00 3.572199e-03 7.552282e+00))
12.85         	((6.945217e+01 3.843087e+01 0.000000e+00) (5.532984e-02 1.999646e+00 3.382564e-19)) ((-1.921544e+01 3.472608e+01 -2.337271e+02) (-9.998230e-01 2.766492e-02 7.187910e+00))
12.9          	((7.068836e+01 3.527635e+01 0.000000e+00) (1.055264e-01 1.947314e+00 2.272700e-19)) ((-1.763817e+01 3.534418e+01 -2.486118e+02) (-9.736570e-01 5.276320e-02 6.739981e+00))
12.95         	((7.153439e+01 3.166133e+01 0.000000e+00) (1.533257e-01 1.878623e+00 1.346367e-19)) ((-1.583066e+01 3.576719e+01 -2.629147e+02) (-9.393115e-01 7.666285e-02 6.241018e+00))
13            	((7.178002e+01 2.757229e+01 0.000000e+00) (1.945788e-01 1.796137e+00 6.615645e-20)) ((-1.378614e+01 3.589001e+01 -2.757157e+02) (-8.980687e-01 9.728941e-02 5.725386e+00))
13.05         	((7.135657e+01 2.301678e+01 0.000000e+00) (2.262278e-01 1.699967e+00 2.304941e-20)) ((-1.150839e+01 3.567828e+01 -2.866880e+02) (-8.499834e-01 1.131139e-01 5.211180e+00))
13.1          	((7.030255e+01 1.791179e+01 0.000000e+00) (2.479541e-01 1.590942e+00 4.587600e-21)) ((-8.955896e+00 3.515127e+01 -2.963323e+02) (-7.954708e-01 1.239771e-01 4.705026e+00))
13.15         	((6.866301e+01 1.238131e+01 0.000000e+00) (2.612068e-01 1.466653e+00 9.168639e-21)) ((-6.190655e+00 3.433151e+01 -3.044428e+02) (-7.333267e-01 1.306034e-01 4.191434e+00))
13.2          	((6.657985e+01 6.390817e+00 0.000000e+00) (2.689816e-01 1.324605e+00 3.480916e-20)) ((-3.195409e+00 3.328993e+01 -3.118082e+02) (-6.623024e-01 1.344908e-01 3.646327e+00))
13.25         	((6.434138e+01 5.966900e-03 0.000000e+00) (2.736757e-01 1.159445e+00 7.779767e-20)) ((-2.983450e-03 3.217069e+01 -3.195849e+02) (-5.797226e-01 1.368379e-01 3.038196e+00))
13.3          	((6.229693e+01 -6.625451e+00 0.000000e+00) (2.795002e-01 9.642816e-01 1.380090e-19)) ((3.312725e+00 3.114847e+01 -3.288927e+02) (-4.821408e-01 1.397501e-01 2.318453e+00))
13.35         	((6.077797e+01 -1.333346e+01 0.000000e+00) (2.855905e-01 7.373946e-01 2.139490e-19)) ((6.666732e+00 3.038899e+01 -3.406980e+02) (-3.686973e-01 1.427953e-01 1.486142e+00))
13.4          	((6.007897e+01 -1.986810e+01 0.000000e+00) (2.925903e-01 4.822096e-01 3.033076e-19)) ((9.934050e+00 3.003948e+01 -3.556050e+02) (-2.411048e-01 1.462951e-01 5.449889e-01))
13.45         	((6.038772e+01 -2.616865e+01 0.000000e+00) (2.980861e-01 2.070899e-01 4.021842e-19)) ((1.308432e+01 3.019386e+01 -3.745062e+02) (-1.035449e-01 1.490431e-01 -4.684658e-01))
13.5          	((6.160848e+01 -3.213283e+01 0.000000e+00) (2.991265e-01 -7.992970e-02 5.095281e-19)) ((1.606642e+01 3.080424e+01 -3.968645e+02) (3.996485e-02 1.495633e-01 -1.511365e+00))
13.55         	((6.368457e+01 -3.767834e+01 0.000000e+00) (2.913540e-01 -3.708923e-01 6.154529e-19)) ((1.883917e+01 3.184229e+01 -4.224327e+02) (1.854461e-01 1.456770e-01 -2.538663e+00))
13.6          	((6.630340e+01 -4.262407e+01 0.000000e+00) (2.726573e-01 -6.584619e-01 7.157652e-19)) ((2.131204e+01 3.315170e+01 -4.493102e+02) (3.292310e-01 1.363287e-01 -3.514511e+00))
13.65         	((6.911488e+01 -4.675227e+01 0.000000e+00) (2.488936e-01 -9.344582e-01 8.069353e-19)) ((2.337614e+01 3.455744e+01 -4.751364e+02) (4.672291e-01 1.244468e-01 -4.441394e+00))
13.7          	((7.185026e+01 -4.983359e+01 0.000000e+00) (2.187549e-01 -1.185290e+00 8.875394e-19)) ((2.491679e+01 3.592513e+01 -4.977969e+02) (5.926452e-01 1.093775e-01 -5.267736e+00))
13.75         	((7.394075e+01 -5.186751e+01 0.000000e+00) (1.807356e-01 -1.398851e+00 9.580652e-19)) ((2.593375e+01 3.697038e+01 -5.143845e+02) (6.994256e-01 9.036782e-02 -5.943350e+00))
13.8          	((7.525810e+01 -5.295075e+01 0.000000e+00) (1.363493e-01 -1.558413e+00 1.017178e-18)) ((2.647538e+01 3.762905e+01 -5.245466e+02) (7.792065e-01 6.817464e-02 -6.406654e+00))
13.85         	((7.572211e+01 -5.324479e+01 0.000000e+00) (8.494605e-02 -1.647316e+00 1.069561e-18)) ((2.662240e+01 3.786106e+01 -5.284176e+02) (8.236582e-01 4.247303e-02 -6.580877e+00))
13.9          	((7.557567e+01 -5.317001e+01 0.000000e+00) (2.047629e-02 -1.654080e+00 1.111108e-18)) ((2.658501e+01 3.778784e+01 -5.286304e+02) (8.270399e-01 1.023815e-02 -6.373541e+00))
13.95         	((7.498048e+01 -5.282708e+01 0.000000e+00) (-6.772177e-02 -1.580505e+00 1.145138e-18)) ((2.641354e+01 3.749024e+01 -5.263435e+02) (7.902523e-01 -3.386088e-02 -5.719817e+00))
14            	((7.389188e+01 -5.231033e+01 0.000000e+00) (-1.766088e-01 -1.446458e+00 1.179606e-18)) ((2.615516e+01 3.694594e+01 -5.214079e+02) (7.232288e-01 -8.830442e-02 -4.709533e+00))
14.05         	((7.213248e+01 -5.142587e+01 0.000000e+00) (-2.799233e-01 -1.282507e+00 1.217257e-18)) ((2.571293e+01 3.606624e+01 -5.120787e+02) (6.412535e-01 -1.399616e-01 -3.619937e+00))
14.1          	((6.965990e+01 -4.997489e+01 0.000000e+00) (-3.777412e-01 -1.112589e+00 1.266741e-18)) ((2.498745e+01 3.482995e+01 -4.972838e+02) (5.562944e-01 -1.888706e-01 -2.541940e+00))
14.15         	((6.633173e+01 -4.792569e+01 0.000000e+00) (-4.785327e-01 -9.477151e-01 1.325924e-18)) ((2.396284e+01 3.316587e+01 -4.759854e+02) (4.738575e-01 -2.392663e-01 -1.466813e+00))
14.2          	((6.224058e+01 -4.527855e+01 0.000000e+00) (-5.771150e-01 -7.966905e-01 1.394769e-18)) ((2.263927e+01 3.112029e+01 -4.485779e+02) (3.983452e-01 -2.885575e-01 -4.627818e-01))
14.25         	((5.757146e+01 -4.212636e+01 0.000000e+00) (-6.706678e-01 -6.609100e-01 1.470205e-18)) ((2.106318e+01 2.878573e+01 -4.162894e+02) (3.304550e-01 -3.353339e-01 4.513054e-01))
14.3          	((5.249395e+01 -3.855407e+01 0.000000e+00) (-7.606448e-01 -5.431296e-01 1.548999e-18)) ((1.927704e+01 2.624697e+01 -3.803243e+02) (2.715648e-01 -3.803224e-01 1.276320e+00))
14.35         	((4.710220e+01 -3.438035e+01 0.000000e+00) (-8.416489e-01 -4.404161e-01 1.631838e-18)) ((1.719017e+01 2.355110e+01 -3.406549e+02) (2.202081e-01 -4.208244e-01 1.997295e+00))
14.4          	((4.178437e+01 -2.975607e+01 0.000000e+00) (-9.159894e-01 -3.410461e-01 1.707411e-18)) ((1.487803e+01 2.089219e+01 -2.998874e+02) (1.705231e-01 -4.579947e-01 2.674957e+00))
14.45         	((3.704964e+01 -2.476560e+01 0.000000e+00) (-9.818716e-01 -2.278147e-01 1.768585e-18)) ((1.238280e+01 1.852482e+01 -2.611272e+02) (1.139073e-01 -4.909358e-01 3.367086e+00))
14.5          	((3.344270e+01 -1.972748e+01 0.000000e+00) (-1.042720e+00 -8.525640e-02 1.812066e-18)) ((9.863740e+00 1.672135e+01 -2.283774e+02) (4.262820e-02 -5.213600e-01 4.151125e+00))
14.55         	((3.132699e+01 -1.484804e+01 0.000000e+00) (-1.099374e+00 7.347998e-02 1.832627e-18)) ((7.424021e+00 1.566350e+01 -2.041616e+02) (-3.673999e-02 -5.496869e-01 4.983790e+00))
14.6          	((3.069284e+01 -1.044274e+01 0.000000e+00) (-1.147260e+00 2.325576e-01 1.834868e-18)) ((5.221371e+00 1.534642e+01 -1.892592e+02) (-1.162788e-01 -5.736300e-01 5.777582e+00))
14.65         	((3.110784e+01 -6.470548e+00 0.000000e+00) (-1.192941e+00 3.764604e-01 1.823702e-18)) ((3.235274e+00 1.555392e+01 -1.810404e+02) (-1.882302e-01 -5.964703e-01 6.518000e+00))
14.7          	((3.217903e+01 -3.029036e+00 0.000000e+00) (-1.237253e+00 4.943056e-01 1.804544e-18)) ((1.514518e+00 1.608951e+01 -1.775782e+02) (-2.471528e-01 -6.186267e-01 7.173920e+00))
14.75         	((3.361120e+01 -5.018512e-03 0.000000e+00) (-1.270785e+00 5.855020e-01 1.774913e-18)) ((2.509256e-03 1.680560e+01 -1.768385e+02) (-2.927510e-01 -6.353924e-01 7.698935e+00))
14.8          	((3.515078e+01 2.502746e+00 0.000000e+00) (-1.285670e+00 6.557193e-01 1.736857e-18)) ((-1.251373e+00 1.757539e+01 -1.778369e+02) (-3.278596e-01 -6.428348e-01 8.081410e+00))
14.85         	((3.654424e+01 4.511026e+00 0.000000e+00) (-1.277406e+00 7.065678e-01 1.693295e-18)) ((-2.255513e+00 1.827212e+01 -1.793097e+02) (-3.532839e-01 -6.387032e-01 8.309834e+00))
14.9          	((3.751547e+01 5.993622e+00 0.000000e+00) (-1.253049e+00 7.372617e-01 1.650217e-18)) ((-2.996811e+00 1.875774e+01 -1.800312e+02) (-3.686308e-01 -6.265247e-01 8.410878e+00))
14.95         	((3.815376e+01 7.142559e+00 0.000000e+00) (-1.219439e+00 7.481934e-01 1.614968e-18)) ((-3.571280e+00 1.907688e+01 -1.798339e+02) (-3.740967e-01 -6.097193e-01 8.413212e+00))
15            	((3.833663e+01 8.014259e+00 0.000000e+00) (-1.173041e+00 7.352820e-01 1.590621e-18)) ((-4.007130e+00 1.916831e+01 -1.779312e+02) (-3.676410e-01 -5.865203e-01 8.287007e+00))
15.05         	((3.816318e+01 8.678417e+00 0.000000e+00) (-1.107007e+00 6.979862e-01 1.570270e-18)) ((-4.339209e+00 1.908159e+01 -1.746362e+02) (-3.489931e-01 -5.535036e-01 7.997101e+00))
15.1          	((3.783075e+01 9.295191e+00 0.000000e+00) (-1.026046e+00 6.404256e-01 1.553355e-18)) ((-4.647596e+00 1.891537e+01 -1.703573e+02) (-3.202128e-01 -5.130228e-01 7.571978e+00))
15.15         	((3.738829e+01 9.915943e+00 0.000000e+00) (-9.382489e-01 5.666282e-01 1.540966e-18)) ((-4.957971e+00 1.869415e+01 -1.651666e+02) (-2.833141e-01 -4.691244e-01 7.054138e+00))
15.2          	((3.698039e+01 1.058120e+01 0.000000e+00) (-8.561695e-01 4.759649e-01 1.533616e-18)) ((-5.290602e+00 1.849020e+01 -1.597592e+02) (-2.379824e-01 -4.280847e-01 6.494107e+00))
15.25         	((3.662162e+01 1.128715e+01 0.000000e+00) (-7.917617e-01 3.604900e-01 1.531968e-18)) ((-5.643577e+00 1.831081e+01 -1.541795e+02) (-1.802450e-01 -3.958809e-01 5.905126e+00))
15.3          	((3.636858e+01 1.203413e+01 0.000000e+00) (-7.599360e-01 2.387148e-01 1.531423e-18)) ((-6.017067e+00 1.818429e+01 -1.488338e+02) (-1.193574e-01 -3.799680e-01 5.414071e+00))
15.35         	((3.609217e+01 1.279042e+01 0.000000e+00) (-7.691117e-01 1.071276e-01 1.531456e-18)) ((-6.395209e+00 1.804609e+01 -1.432354e+02) (-5.356378e-02 -3.845559e-01 5.044146e+00))
15.4          	((3.576493e+01 1.335079e+01 0.000000e+00) (-8.130338e-01 -2.670966e-02 1.531724e-18)) ((-6.675396e+00 1.788247e+01 -1.380394e+02) (1.335483e-02 -4.065169e-01 4.795109e+00))
15.45         	((3.540908e+01 1.382226e+01 0.000000e+00) (-8.813774e-01 -1.476275e-01 1.533509e-18)) ((-6.911130e+00 1.770454e+01 -1.330978e+02) (7.381376e-02 -4.406887e-01 4.683777e+00))
15.5          	((3.492435e+01 1.397661e+01 0.000000e+00) (-9.588669e-01 -2.447195e-01 1.540707e-18)) ((-6.988306e+00 1.746218e+01 -1.287687e+02) (1.223597e-01 -4.794335e-01 4.692957e+00))
15.55         	((3.442828e+01 1.373565e+01 0.000000e+00) (-1.033523e+00 -3.137039e-01 1.554875e-18)) ((-6.867826e+00 1.721414e+01 -1.259195e+02) (1.568519e-01 -5.167615e-01 4.786190e+00))
15.6          	((3.407464e+01 1.326995e+01 0.000000e+00) (-1.105221e+00 -3.542872e-01 1.573976e-18)) ((-6.634973e+00 1.703732e+01 -1.247520e+02) (1.771436e-01 -5.526103e-01 4.964330e+00))
15.65         	((3.388489e+01 1.257051e+01 0.000000e+00) (-1.164771e+00 -3.683565e-01 1.595353e-18)) ((-6.285253e+00 1.694245e+01 -1.253853e+02) (1.841782e-01 -5.823856e-01 5.170950e+00))
15.7          	((3.403876e+01 1.171220e+01 0.000000e+00) (-1.204824e+00 -3.622427e-01 1.611901e-18)) ((-5.856099e+00 1.701938e+01 -1.284156e+02) (1.811213e-01 -6.024121e-01 5.344467e+00))
15.75         	((3.456805e+01 1.079372e+01 0.000000e+00) (-1.218274e+00 -3.383986e-01 1.619611e-18)) ((-5.396862e+00 1.728402e+01 -1.336688e+02) (1.691993e-01 -6.091371e-01 5.440363e+00))
15.8          	((3.546862e+01 9.901069e+00 0.000000e+00) (-1.196706e+00 -3.030032e-01 1.615325e-18)) ((-4.950534e+00 1.773431e+01 -1.407582e+02) (1.515016e-01 -5.983528e-01 5.392096e+00))
15.85         	((3.665180e+01 9.159719e+00 0.000000e+00) (-1.140136e+00 -2.605863e-01 1.597578e-18)) ((-4.579860e+00 1.832590e+01 -1.488262e+02) (1.302931e-01 -5.700682e-01 5.178714e+00))
15.9          	((3.804466e+01 8.594663e+00 0.000000e+00) (-1.046079e+00 -2.146120e-01 1.563230e-18)) ((-4.297331e+00 1.902233e+01 -1.574149e+02) (1.073060e-01 -5.230395e-01 4.766996e+00))
15.95         	((3.951964e+01 8.267520e+00 0.000000e+00) (-9.134147e-01 -1.692235e-01 1.516364e-18)) ((-4.133760e+00 1.975982e+01 -1.656999e+02) (8.461174e-02 -4.567073e-01 4.133703e+00))
16            	((4.082458e+01 8.149899e+00 0.000000e+00) (-7.507051e-01 -1.265726e-01 1.464368e-18)) ((-4.074950e+00 2.041229e+01 -1.725307e+02) (6.328632e-02 -3.753525e-01 3.317988e+00))
16.05         	((4.184828e+01 8.149303e+00 0.000000e+00) (-5.698569e-01 -9.107528e-02 1.411598e-18)) ((-4.074651e+00 2.092414e+01 -1.776839e+02) (4.553764e-02 -2.849284e-01 2.371935e+00))
16.1          	((4.252846e+01 8.322229e+00 0.000000e+00) (-3.847004e-01 -6.624401e-02 1.367124e-18)) ((-4.161115e+00 2.126423e+01 -1.806838e+02) (3.312201e-02 -1.923502e-01 1.359653e+00))
16.15         	((4.306024e+01 8.371502e+00 0.000000e+00) (-2.138827e-01 -5.028515e-02 1.339331e-18)) ((-4.185751e+00 2.153012e+01 -1.836093e+02) (2.514258e-02 -1.069414e-01 3.962188e-01))
16.2          	((4.335379e+01 8.359257e+00 0.000000e+00) (-7.458988e-02 -4.306787e-02 1.333550e-18)) ((-4.179628e+00 2.167690e+01 -1.858402e+02) (2.153393e-02 -3.729494e-02 -4.174148e-01))
16.25         	((4.346197e+01 8.173872e+00 0.000000e+00) (2.441341e-02 -4.233579e-02 1.353657e-18)) ((-4.086936e+00 2.173099e+01 -1.879129e+02) (2.116790e-02 1.220670e-02 -1.019406e+00))
16.3          	((4.337848e+01 7.838305e+00 0.000000e+00) (7.665335e-02 -4.406873e-02 1.382472e-18)) ((-3.919153e+00 2.168924e+01 -1.897255e+02) (2.203436e-02 3.832667e-02 -1.354130e+00))
16.35         	((4.322390e+01 7.371021e+00 0.000000e+00) (7.807308e-02 -2.884606e-02 1.406312e-18)) ((-3.685510e+00 2.161195e+01 -1.917471e+02) (1.442303e-02 3.903654e-02 -1.320629e+00))
16.4          	((4.299379e+01 6.986299e+00 0.000000e+00) (3.833896e-02 4.991503e-03 1.413959e-18)) ((-3.493149e+00 2.149689e+01 -1.932104e+02) (-2.495751e-03 1.916948e-02 -9.672611e-01))
16.45         	((4.268954e+01 6.840691e+00 0.000000e+00) (-2.248745e-02 4.555566e-02 1.394105e-18)) ((-3.420345e+00 2.134477e+01 -1.935474e+02) (-2.277783e-02 -1.124373e-02 -4.574589e-01))
16.5          	((4.227431e+01 7.258349e+00 0.000000e+00) (-9.350332e-02 8.213083e-02 1.366156e-18)) ((-3.629175e+00 2.113716e+01 -1.914194e+02) (-4.106542e-02 -4.675166e-02 1.055858e-01))
16.55         	((4.189361e+01 8.253586e+00 0.000000e+00) (-1.678504e-01 1.121248e-01 1.343617e-18)) ((-4.126793e+00 2.094681e+01 -1.873934e+02) (-5.606238e-02 -8.392519e-02 6.752034e-01))
16.6          	((4.162394e+01 9.965074e+00 0.000000e+00) (-2.350875e-01 1.359604e-01 1.327628e-18)) ((-4.982537e+00 2.081197e+01 -1.814040e+02) (-6.798020e-02 -1.175437e-01 1.197398e+00))
16.65         	((4.167130e+01 1.205984e+01 0.000000e+00) (-2.830180e-01 1.603142e-01 1.317571e-18)) ((-6.029922e+00 2.083565e+01 -1.755828e+02) (-8.015709e-02 -1.415090e-01 1.629204e+00))
16.7          	((4.195564e+01 1.441468e+01 0.000000e+00) (-3.071172e-01 1.932309e-01 1.314396e-18)) ((-7.207341e+00 2.097782e+01 -1.700169e+02) (-9.661544e-02 -1.535586e-01 1.972597e+00))
16.75         	((4.271877e+01 1.677047e+01 0.000000e+00) (-3.065192e-01 2.363406e-01 1.306688e-18)) ((-8.385237e+00 2.135939e+01 -1.668120e+02) (-1.181703e-01 -1.532596e-01 2.221921e+00))
16.8          	((4.368835e+01 1.913413e+01 0.000000e+00) (-2.827655e-01 2.966583e-01 1.296581e-18)) ((-9.567065e+00 2.184417e+01 -1.646973e+02) (-1.483292e-01 -1.413827e-01 2.404645e+00))
16.85         	((4.486875e+01 2.116371e+01 0.000000e+00) (-2.446661e-01 3.737891e-01 1.264853e-18)) ((-1.058185e+01 2.243438e+01 -1.648385e+02) (-1.868945e-01 -1.223331e-01 2.558473e+00))
16.9          	((4.608688e+01 2.316024e+01 0.000000e+00) (-2.002513e-01 4.718198e-01 1.223043e-18)) ((-1.158012e+01 2.304344e+01 -1.653235e+02) (-2.359099e-01 -1.001256e-01 2.735927e+00))
16.95         	((4.715556e+01 2.507934e+01 0.000000e+00) (-1.575999e-01 5.765543e-01 1.175505e-18)) ((-1.253967e+01 2.357778e+01 -1.653253e+02) (-2.882771e-01 -7.879993e-02 2.923257e+00))
17            	((4.799413e+01 2.703466e+01 0.000000e+00) (-1.219634e-01 6.792681e-01 1.126070e-18)) ((-1.351733e+01 2.399706e+01 -1.640290e+02) (-3.396341e-01 -6.098172e-02 3.120544e+00))
17.05         	((4.855643e+01 2.894813e+01 0.000000e+00) (-1.021391e-01 7.842863e-01 1.081660e-18)) ((-1.447406e+01 2.427822e+01 -1.614646e+02) (-3.921431e-01 -5.106955e-02 3.397820e+00))
17.1          	((4.886075e+01 3.082598e+01 0.000000e+00) (-1.032545e-01 8.859059e-01 1.039507e-18)) ((-1.541299e+01 2.443037e+01 -1.576523e+02) (-4.429530e-01 -5.162725e-02 3.766820e+00))
17.15         	((4.900987e+01 3.265044e+01 0.000000e+00) (-1.214701e-01 9.855574e-01 9.980043e-19)) ((-1.632522e+01 2.450493e+01 -1.531715e+02) (-4.927787e-01 -6.073504e-02 4.216142e+00))
17.2          	((4.911012e+01 3.440917e+01 0.000000e+00) (-1.527868e-01 1.085675e+00 9.523449e-19)) ((-1.720458e+01 2.455506e+01 -1.485978e+02) (-5.428375e-01 -7.639338e-02 4.733940e+00))
17.25         	((4.930369e+01 3.608838e+01 0.000000e+00) (-1.901262e-01 1.186036e+00 8.987822e-19)) ((-1.804419e+01 2.465184e+01 -1.446607e+02) (-5.930178e-01 -9.506308e-02 5.282727e+00))
17.3          	((4.970274e+01 3.763615e+01 0.000000e+00) (-2.278337e-01 1.287787e+00 8.358261e-19)) ((-1.881808e+01 2.485137e+01 -1.420962e+02) (-6.438937e-01 -1.139168e-01 5.836453e+00))
17.35         	((5.037539e+01 3.898713e+01 0.000000e+00) (-2.610869e-01 1.390526e+00 7.597168e-19)) ((-1.949357e+01 2.518769e+01 -1.414491e+02) (-6.952630e-01 -1.305434e-01 6.368794e+00))
17.4          	((5.136148e+01 4.004375e+01 0.000000e+00) (-2.868226e-01 1.493779e+00 6.701376e-19)) ((-2.002187e+01 2.568074e+01 -1.432225e+02) (-7.468895e-01 -1.434113e-01 6.863425e+00))
17.45         	((5.262128e+01 4.078144e+01 0.000000e+00) (-2.991952e-01 1.596928e+00 5.657325e-19)) ((-2.039072e+01 2.631064e+01 -1.473140e+02) (-7.984642e-01 -1.495976e-01 7.290464e+00))
17.5          	((5.409473e+01 4.115380e+01 0.000000e+00) (-2.987133e-01 1.695842e+00 4.493184e-19)) ((-2.057690e+01 2.704736e+01 -1.535610e+02) (-8.479210e-01 -1.493567e-01 7.636467e+00))
17.55         	((5.570956e+01 4.120971e+01 0.000000e+00) (-2.832905e-01 1.787615e+00 3.237399e-19)) ((-2.060485e+01 2.785478e+01 -1.614451e+02) (-8.938077e-01 -1.416453e-01 7.882205e+00))
17.6          	((5.735313e+01 4.099246e+01 0.000000e+00) (-2.570911e-01 1.868236e+00 1.888047e-19)) ((-2.049623e+01 2.867657e+01 -1.702561e+02) (-9.341181e-01 -1.285456e-01 8.033364e+00))
